1 1.0 0.0 0.0 2.718281828459045 2.0
2 2.0 0.6931471805599453 1.3862943611198906 7.38905609893065 4.0
10 10.0 2.302585092994046 23.025850929940457 22026.465794806718 1024.0
20 20.0 2.995732273553991 59.91464547107982 4.851651954097903E8 1048576.0
30 30.0 3.4011973816621555 102.03592144986466 1.0686474581524463E13 1.073741824E9
40 40.0 3.6888794541139363 147.55517816455745 2.3538526683702E17 1.099511627776E12
50 50.0 3.912023005428146 195.6011502714073 5.184705528587072E21 1.125899906842624E15
100 100.0 4.605170185988092 460.51701859880916 2.6881171418161356E43 1.2676506002282294E30
150 150.0 5.0106352940962555 Infinity 1.3937095806663797E65 1.4272476927059599E45
200 200.0 5.298317366548036 Infinity 7.225973768125749E86 1.6069380442589903E60
300 300.0 5.703782474656201 Infinity 1.9424263952412558E130 2.037035976334486E90
400 400.0 5.991464547107982 Infinity 5.221469689764144E173 2.5822498780869086E120
500 500.0 6.214608098422191 Infinity 1.4035922178528375E217 3.273390607896142E150
1000 1000.0 6.907755278982137 Infinity Infinity 1.0715086071862673E301
1500 1500.0 7.313220387090301 Infinity Infinity Infinity
2000 2000.0 7.600902459542082 Infinity Infinity Infinity
5000 5000.0 8.517193191416238 Infinity Infinity Infinity
10000 10000.0 9.210340371976184 Infinity Infinity Infinity
25000 25000.0 10.126631103850338 Infinity Infinity Infinity
50000 50000.0 10.819778284410283 Infinity Infinity Infinity
75000 75000.0 11.225243392518447 Infinity Infinity Infinity
100000 100000.0 11.512925464970229 Infinity Infinity Infinity
250000 250000.0 12.429216196844383 Infinity Infinity Infinity
500000 500000.0 13.122363377404328 Infinity Infinity Infinity
